0 
21 
0 
0 
0 
37 
0 
51 
0 
1 
71 
0 
77 
73 
0 
59 
15 
53 
17 
13 
0 
0 
0 
13 
69 
0 
79 
0 
41 
21 
0 
0 
81 
0 
93 
19 
73 
51 
0 
73 
47 
0 
53 
99 
23 
97 
0 
0 
0 
0 
0 
73 
0 
19 
59 
59 
0 
59 
0 
0 
89 
0 
71 
77 
31 
15 
0 
0 
67 
85 
0 
21 
63 
3 
27 
93 
0 
0 
79 
97 
0 
63 
0 
0 
0 
0 
0 
0 
0 
85 
85 
31 
0 
0 
27 
0 
0 
57 
0 
0 
87 
0 
33 
0 
0 
11 
45 
47 
43 
0 
41 0 0 57 49 43 9 0 0 0 33 0 1 0 23 0 95 43 39 15 0 59 0 87 0 0 0 27 0 0 19 0 97 0 0 3 0 47 0 0 7 0 69 13 15 0 0 0 0 1 0 0 0 1 45 19 93 27 51 35 0 11 27 87 65 31 0 0 51 57 0 0 0 0 21 0 0 51 0 0 0 0 25 0 39 17 11 0 0 97 41 0 0 71 83 0 0 37 0 5 